1.789473684	1
1.736842105	0.7947368421
1.684210526	0.5421052632
1.631578947	0.3894736842
1.578947368	0.1473684211
1.526315789	0.005263157895
0	0
1.689473684	1
1.621052632	1
1.536842105	1
0	0
0	0
1.484210526	0.8894736842
1.473684211	0.7578947368
1.436842105	0.5789473684
1.384210526	0.2947368421
0	0
1.342105263	0.5052631579
1.315789474	0.5789473684
1.289473684	0.7315789474
1.263157895	0.8842105263
0	0
1.210526316	1.005263158
1.078947368	1
1	1
0	0
1.242105263	0
1.226315789	0.08947368421
1.189473684	0.2105263158
1.168421053	0.3684210526
1.136842105	0.5157894737
1.110526316	0.6315789474
0	0
1.057894737	0.5210526316
1.036842105	0.3842105263
0.9894736842	0.2684210526
0.9684210526	0.1421052632
0.9315789474	0
0	0
1.473684211	0
1.410526316	0
1.305263158	0
0	0
0.8421052632	0
0.8157894737	0
0.7631578947	0
0	0
0.9473684211	0.9105263158
0.9315789474	0.8210526316
0.9	0.7052631579
0.8736842105	0.5631578947
0.8105263158	0.3368421053
0	0
0.7842105263	0.4894736842
0.7368421053	0.6105263158
0.7105263158	0.7578947368
0.6736842105	0.8842105263
0.6578947368	0.9842105263
0	0
0.5789473684	1
0.5157894737	1
0.4210526316	0.9842105263
